1.700000e-01 5.543296e-01 3.372240e-02 2.686808e-03 3.640921e-02 1.838451e-01 7.077100e-03 4.784905e-03 1.186200e-02 7.183460e-02 4.199800e-03 2.642564e-03 6.842364e-03 3.641940e-02 3.064600e-03 6.467381e-03 9.531981e-03 1.615350e-02 2.442300e-03 3.424827e-03 5.867127e-03
6.500000e-01 4.270359e-01 2.864830e-02 1.600132e-03 3.024843e-02 1.617174e-01 7.012600e-03 4.182835e-03 1.119544e-02 6.540390e-02 3.976500e-03 1.589971e-03 5.566471e-03 3.221890e-02 2.209700e-03 5.738067e-03 7.947767e-03 1.404430e-02 2.258700e-03 2.116641e-03 4.375341e-03
1.380000e+00 3.131548e-01 3.164740e-02 1.636292e-03 3.328369e-02 1.354616e-01 9.719400e-03 2.975419e-03 1.269482e-02 4.679790e-02 5.782900e-03 1.675478e-03 7.458378e-03 2.781840e-02 2.871000e-03 4.034004e-03 6.905004e-03 7.866300e-03 2.728900e-03 2.359576e-03 5.088476e-03
2.290000e+00 2.306236e-01 6.105040e-02 3.527617e-03 6.457802e-02 1.213991e-01 2.438050e-02 4.953360e-03 2.933386e-02 3.284980e-02 9.088600e-03 3.555001e-03 1.264360e-02 2.982240e-02 6.851400e-03 6.660472e-03 1.351187e-02 2.331000e-03 6.520400e-03 4.875794e-03 1.139619e-02
3.400000e-01 5.305209e-01 3.950570e-02 2.118637e-03 4.162434e-02 1.497136e-01 1.264220e-02 4.335742e-03 1.697794e-02 7.531150e-02 4.638900e-03 2.221609e-03 6.860509e-03 3.200160e-02 3.148200e-03 5.951699e-03 9.099899e-03 1.919090e-02 3.287900e-03 3.208430e-03 6.496330e-03
8.100000e-01 4.068024e-01 3.260620e-02 1.267192e-03 3.387339e-02 1.469205e-01 9.647300e-03 4.245286e-03 1.389259e-02 6.200590e-02 4.067100e-03 1.334660e-03 5.401760e-03 3.034650e-02 2.294100e-03 5.850871e-03 8.144971e-03 1.552970e-02 2.566100e-03 1.956016e-03 4.522116e-03
1.520000e+00 2.170841e-01 2.786190e-02 1.690912e-03 2.955281e-02 1.180945e-01 8.651500e-03 2.889803e-03 1.154130e-02 4.320490e-02 5.707500e-03 1.723613e-03 7.431113e-03 2.168910e-02 3.162300e-03 4.005732e-03 7.168032e-03 1.302880e-02 3.256000e-03 2.412357e-03 5.668357e-03
1.240000e+00 2.964588e-01 3.530520e-02 1.952762e-03 3.725796e-02 1.134092e-01 1.090940e-02 2.622189e-03 1.353159e-02 5.686540e-02 5.015800e-03 1.945692e-03 6.961492e-03 2.542120e-02 3.552600e-03 3.509897e-03 7.062497e-03 1.337050e-02 3.396500e-03 2.647143e-03 6.043643e-03
6.900000e-01 4.243142e-01 1.987360e-02 9.610744e-04 2.083467e-02 1.566835e-01 7.537100e-03 4.621522e-03 1.215862e-02 5.348930e-02 3.843900e-03 9.773640e-04 4.821264e-03 3.277600e-02 2.008800e-03 6.316313e-03 8.325113e-03 9.724200e-03 2.101000e-03 1.347096e-03 3.448096e-03
1.380000e+00 2.899490e-01 1.956340e-02 1.071472e-03 2.063487e-02 1.189560e-01 7.072800e-03 3.196612e-03 1.026941e-02 4.651200e-02 3.683400e-03 1.102556e-03 4.785956e-03 2.617470e-02 2.043700e-03 4.337586e-03 6.381286e-03 8.922300e-03 2.024700e-03 1.553050e-03 3.577750e-03
2.770000e+00 1.997118e-01 1.570260e-02 1.750663e-03 1.745326e-02 7.661940e-02 6.940800e-03 2.532192e-03 9.472992e-03 3.608850e-02 3.687500e-03 1.670220e-03 5.357720e-03 1.781850e-02 2.130700e-03 3.406532e-03 5.537232e-03 3.912400e-03 2.033000e-03 2.110453e-03 4.143453e-03
