1.700000e-01 1.964229e+00 1.419368e-01 1.065226e-02 1.525891e-01 2.466721e-01 3.287890e-02 4.166001e-03 3.704490e-02 1.138918e-01 1.712140e-02 1.107497e-02 2.819637e-02 3.441910e-02 1.145050e-02 5.476331e-03 1.692683e-02 3.298290e-02 9.241900e-03 1.672271e-02 2.596461e-02
6.500000e-01 1.107290e+00 4.866350e-02 6.191556e-03 5.485506e-02 1.920324e-01 1.848420e-02 3.236401e-03 2.172060e-02 7.865580e-02 8.888200e-03 6.221794e-03 1.510999e-02 3.136440e-02 4.842800e-03 4.474413e-03 9.317213e-03 2.185560e-02 5.534400e-03 8.886280e-03 1.442068e-02
1.380000e+00 5.606694e-01 4.202400e-02 3.005512e-03 4.502951e-02 1.139544e-01 1.807720e-02 2.132289e-03 2.020949e-02 5.760340e-02 8.712600e-03 3.046628e-03 1.175923e-02 2.098660e-02 6.204800e-03 3.052718e-03 9.257518e-03 1.628270e-02 5.170700e-03 4.406535e-03 9.577235e-03
2.290000e+00 3.059459e-01 8.137170e-02 4.821037e-03 8.619274e-02 8.459300e-02 3.242420e-02 3.920420e-03 3.634462e-02 3.594380e-02 1.541800e-02 4.818870e-03 2.023687e-02 3.145420e-02 1.526500e-02 5.109105e-03 2.037410e-02 5.394300e-03 9.095300e-03 6.811224e-03 1.590652e-02
3.400000e-01 1.547214e+00 1.128376e-01 5.977350e-03 1.188150e-01 2.564657e-01 3.154530e-02 3.192797e-03 3.473810e-02 6.492950e-02 1.343810e-02 5.787134e-03 1.922523e-02 4.087090e-02 8.441300e-03 4.361015e-03 1.280231e-02 1.023510e-02 8.166100e-03 7.730669e-03 1.589677e-02
8.100000e-01 8.947223e-01 6.149610e-02 3.439667e-03 6.493577e-02 1.638386e-01 2.277580e-02 1.585918e-03 2.436172e-02 4.589140e-02 9.261200e-03 3.508377e-03 1.276958e-02 1.900850e-02 6.750500e-03 2.151298e-03 8.901798e-03 5.324500e-03 6.126500e-03 5.112664e-03 1.123916e-02
1.520000e+00 4.429384e-01 6.515060e-02 7.168349e-03 7.231895e-02 8.297630e-02 1.921670e-02 2.283284e-03 2.149998e-02 1.682670e-02 1.112990e-02 7.445132e-03 1.857503e-02 1.128200e-03 8.773800e-03 3.139975e-03 1.191377e-02 3.866000e-04 8.570200e-03 1.123245e-02 1.980265e-02
1.240000e+00 6.087222e-01 5.236420e-02 4.479613e-03 5.684381e-02 1.242316e-01 2.007440e-02 2.030675e-03 2.210508e-02 3.953150e-02 1.125050e-02 4.562838e-03 1.581334e-02 1.290860e-02 5.958000e-03 2.690884e-03 8.648884e-03 4.593400e-03 6.463400e-03 6.710345e-03 1.317374e-02
6.900000e-01 1.072639e+00 3.734100e-02 5.516108e-03 4.285711e-02 2.148160e-01 1.177340e-02 5.005072e-03 1.677847e-02 6.083470e-02 8.323700e-03 3.474470e-03 1.179817e-02 2.093640e-02 8.575800e-03 3.594691e-03 1.217049e-02 7.422200e-03 6.831800e-03 3.425132e-03 1.025693e-02
1.380000e+00 5.198160e-01 3.330540e-02 1.952745e-03 3.525815e-02 1.144524e-01 1.251880e-02 1.472182e-03 1.399098e-02 3.075820e-02 5.467000e-03 1.984113e-03 7.451113e-03 1.590370e-02 3.793500e-03 1.898093e-03 5.691593e-03 1.476300e-03 3.494100e-03 2.891907e-03 6.386007e-03
2.770000e+00 1.985559e-01 1.944490e-02 1.661926e-03 2.110683e-02 6.724680e-02 8.890200e-03 9.816751e-04 9.871875e-03 1.762230e-02 3.976900e-03 1.644756e-03 5.621656e-03 1.073960e-02 2.926000e-03 1.312796e-03 4.238796e-03 4.206000e-04 2.534600e-03 2.291845e-03 4.826445e-03
