1.700000e-01 9.897247e-01 4.720850e-02 1.399167e-03 4.860767e-02 2.618061e-01 1.368010e-02 5.274689e-03 1.895479e-02 9.109530e-02 5.018100e-03 1.407085e-03 6.425185e-03 4.588110e-02 2.887900e-03 7.146231e-03 1.003413e-02 1.720900e-02 2.415000e-03 1.898443e-03 4.313443e-03
6.500000e-01 7.331391e-01 3.154110e-02 1.202300e-03 3.274340e-02 2.234399e-01 1.121230e-02 5.192910e-03 1.640521e-02 7.741600e-02 3.929200e-03 1.282491e-03 5.211691e-03 4.082680e-02 2.163400e-03 7.183696e-03 9.347096e-03 1.540520e-02 2.077400e-03 1.912566e-03 3.989966e-03
1.380000e+00 4.851400e-01 2.886980e-02 1.798848e-03 3.066865e-02 1.806478e-01 1.255900e-02 3.925358e-03 1.648436e-02 6.212290e-02 5.160700e-03 1.877375e-03 7.038075e-03 3.441200e-02 4.052400e-03 5.393251e-03 9.445651e-03 1.152750e-02 3.332100e-03 2.715542e-03 6.047642e-03
2.290000e+00 3.477680e-01 6.278480e-02 3.530935e-03 6.631573e-02 1.611830e-01 2.993420e-02 3.553145e-03 3.348734e-02 4.119800e-02 1.009180e-02 3.623864e-03 1.371566e-02 3.452890e-02 7.043100e-03 4.827968e-03 1.187107e-02 6.252200e-03 6.188200e-03 5.093633e-03 1.128183e-02
3.400000e-01 8.265755e-01 4.455490e-02 1.299086e-03 4.585399e-02 2.153858e-01 1.077640e-02 5.809784e-03 1.658618e-02 9.401880e-02 4.735200e-03 1.324762e-03 6.059962e-03 4.433690e-02 3.078700e-03 7.948022e-03 1.102672e-02 2.183320e-02 2.524400e-03 1.843188e-03 4.367588e-03
8.100000e-01 6.088923e-01 3.050850e-02 1.364684e-03 3.187318e-02 1.915210e-01 9.578200e-03 5.402548e-03 1.498075e-02 7.412970e-02 4.092900e-03 1.431485e-03 5.524385e-03 3.894650e-02 2.704900e-03 7.366330e-03 1.007123e-02 1.862490e-02 2.161100e-03 2.073964e-03 4.235064e-03
1.520000e+00 3.507407e-01 3.233330e-02 2.373178e-03 3.470648e-02 1.425237e-01 1.022350e-02 3.701046e-03 1.392455e-02 5.139580e-02 5.163000e-03 2.367286e-03 7.530286e-03 2.772360e-02 2.769400e-03 5.112446e-03 7.881846e-03 1.357280e-02 2.905800e-03 3.159138e-03 6.064938e-03
1.240000e+00 4.909431e-01 3.346030e-02 4.390455e-03 3.785075e-02 1.587478e-01 9.924200e-03 4.162515e-03 1.408671e-02 6.458450e-02 5.659700e-03 4.477495e-03 1.013719e-02 3.310710e-02 2.695700e-03 5.686173e-03 8.381873e-03 1.965310e-02 3.515500e-03 6.187245e-03 9.702745e-03
6.900000e-01 6.992560e-01 2.657800e-02 1.822206e-03 2.840021e-02 2.211013e-01 8.083300e-03 4.742411e-03 1.282571e-02 7.574840e-02 3.689400e-03 1.893921e-03 5.583321e-03 3.892290e-02 2.275900e-03 6.413982e-03 8.689882e-03 1.551860e-02 1.761800e-03 2.697403e-03 4.459203e-03
1.380000e+00 5.022948e-01 2.036080e-02 1.120831e-03 2.148163e-02 1.726805e-01 8.518900e-03 3.027716e-03 1.154662e-02 6.124100e-02 3.350200e-03 1.150964e-03 4.501164e-03 3.395720e-02 2.145200e-03 4.078200e-03 6.223400e-03 9.921800e-03 1.754800e-03 1.612417e-03 3.367217e-03
2.770000e+00 2.743718e-01 2.055500e-02 2.036503e-03 2.259150e-02 1.189301e-01 7.189300e-03 2.462383e-03 9.651683e-03 4.302680e-02 3.582200e-03 1.958784e-03 5.540984e-03 2.348830e-02 2.298900e-03 3.279615e-03 5.578515e-03 5.143400e-03 2.326200e-03 2.497655e-03 4.823855e-03
