1.700000e-01 1.017961e-01 1.909987e-01 4.894244e-03 1.958929e-01 2.534370e-02 3.382590e-02 1.934117e-03 3.576002e-02 1.539070e-02 1.512070e-02 4.907595e-03 2.002829e-02 9.670500e-03 9.705900e-03 2.629456e-03 1.233536e-02 1.141240e-02 1.035200e-02 7.000349e-03 1.735235e-02
6.500000e-01 4.630300e-02 6.094640e-02 3.399331e-03 6.434573e-02 3.297390e-02 1.757310e-02 1.646273e-03 1.921937e-02 2.347220e-02 1.097820e-02 3.444259e-03 1.442246e-02 7.693200e-03 5.478000e-03 2.221834e-03 7.699834e-03 7.981400e-03 7.316200e-03 5.013706e-03 1.232991e-02
1.380000e+00 3.522900e-03 4.248290e-02 2.588228e-03 4.507113e-02 -2.824100e-03 1.608670e-02 1.083055e-03 1.716976e-02 3.477150e-02 9.352500e-03 2.607470e-03 1.195997e-02 3.711900e-03 5.346300e-03 1.544502e-03 6.890802e-03 1.441960e-02 5.982000e-03 3.730319e-03 9.712319e-03
2.290000e+00 5.474300e-03 6.095350e-02 6.294154e-03 6.724765e-02 1.896530e-02 2.577830e-02 2.501003e-03 2.827930e-02 1.525290e-02 1.560490e-02 6.420166e-03 2.202507e-02 1.162780e-02 8.626000e-03 3.448368e-03 1.207437e-02 -2.256700e-03 9.897700e-03 9.526504e-03 1.942420e-02
3.400000e-01 -4.025800e-03 1.617802e-01 7.650777e-03 1.694310e-01 2.407780e-02 3.493300e-02 3.527460e-03 3.846046e-02 2.616100e-03 1.654430e-02 7.608483e-03 2.415278e-02 2.452520e-02 8.830800e-03 5.061067e-03 1.389187e-02 1.318820e-02 1.045200e-02 1.069564e-02 2.114764e-02
8.100000e-01 1.357970e-02 6.257090e-02 3.921658e-03 6.649256e-02 1.308980e-02 1.608560e-02 1.764104e-03 1.784970e-02 7.839400e-03 8.422600e-03 3.949971e-03 1.237257e-02 1.147970e-02 7.227300e-03 2.434531e-03 9.661831e-03 3.089200e-03 5.957000e-03 5.709790e-03 1.166679e-02
1.520000e+00 7.419830e-02 5.037910e-02 5.605655e-03 5.598476e-02 2.130140e-02 2.486360e-02 3.939342e-03 2.880294e-02 5.899900e-03 1.203010e-02 5.748223e-03 1.777832e-02 -1.312700e-03 8.898100e-03 5.564953e-03 1.446305e-02 5.039100e-03 8.453900e-03 8.644598e-03 1.709850e-02
1.240000e+00 1.050330e-02 5.577170e-02 3.104190e-03 5.887589e-02 2.392590e-02 2.440290e-02 1.926805e-03 2.632970e-02 1.859740e-02 1.024160e-02 3.120206e-03 1.336181e-02 8.460800e-03 5.887400e-03 2.620208e-03 8.507608e-03 9.487700e-03 7.203900e-03 4.502171e-03 1.170607e-02
6.900000e-01 2.697330e-02 4.122990e-02 1.695792e-02 5.818782e-02 2.245550e-02 2.956130e-02 7.042180e-03 3.660348e-02 1.981330e-02 3.070750e-02 1.620891e-02 4.691641e-02 -7.575000e-04 1.864850e-02 1.139390e-02 3.004240e-02 8.784500e-03 2.947230e-02 2.839987e-02 5.787217e-02
1.380000e+00 3.091700e-02 2.745280e-02 1.828195e-03 2.928100e-02 1.485300e-02 1.027960e-02 6.976527e-04 1.097725e-02 3.757200e-03 4.419800e-03 1.844804e-03 6.264604e-03 5.860200e-03 3.529600e-03 9.693133e-04 4.498913e-03 1.766700e-03 2.938500e-03 2.681713e-03 5.620213e-03
2.770000e+00 -1.554730e-02 1.603730e-02 2.336233e-03 1.837353e-02 2.959000e-04 7.602700e-03 6.883501e-04 8.291050e-03 1.181420e-02 4.150800e-03 2.306398e-03 6.457198e-03 6.453000e-04 2.484900e-03 9.195438e-04 3.404444e-03 8.570800e-03 2.363400e-03 3.207685e-03 5.571085e-03
