1.700000e-01 2.270734e+00 5.775650e-02 4.013744e-03 6.177024e-02 4.922730e-01 1.351440e-02 7.485542e-03 2.099994e-02 1.614467e-01 6.367100e-03 3.961584e-03 1.032868e-02 7.119790e-02 3.330500e-03 1.020561e-02 1.353611e-02 3.125000e-02 3.506600e-03 5.484339e-03 8.990939e-03
6.500000e-01 1.340932e+00 3.638920e-02 1.569372e-03 3.795857e-02 3.834299e-01 1.248190e-02 6.271302e-03 1.875320e-02 1.210397e-01 5.507900e-03 1.530238e-03 7.038138e-03 5.950740e-02 2.664200e-03 8.513048e-03 1.117725e-02 2.158640e-02 3.255400e-03 2.087541e-03 5.342941e-03
1.380000e+00 7.800318e-01 5.313100e-02 3.093415e-03 5.622442e-02 2.722512e-01 1.735820e-02 4.175410e-03 2.153361e-02 8.821720e-02 5.983000e-03 3.224399e-03 9.207399e-03 4.935090e-02 4.545300e-03 5.643271e-03 1.018857e-02 1.507470e-02 4.128900e-03 4.938085e-03 9.066985e-03
2.290000e+00 4.574632e-01 1.095386e-01 4.540324e-03 1.140789e-01 2.116517e-01 4.573810e-02 1.550293e-03 4.728839e-02 7.409690e-02 1.590810e-02 4.465642e-03 2.037374e-02 3.333040e-02 8.475800e-03 2.128874e-03 1.060467e-02 1.798610e-02 8.072300e-03 6.219759e-03 1.429206e-02
3.400000e-01 1.792254e+00 4.710050e-02 1.484428e-03 4.858493e-02 4.104237e-01 1.320670e-02 5.855830e-03 1.906253e-02 1.379742e-01 7.621000e-03 1.474531e-03 9.095531e-03 6.017050e-02 3.148300e-03 7.829009e-03 1.097731e-02 2.621330e-02 3.818500e-03 2.038356e-03 5.856856e-03
8.100000e-01 1.095330e+00 3.556700e-02 2.879375e-03 3.844637e-02 3.122573e-01 9.920500e-03 4.083372e-03 1.400387e-02 1.064610e-01 6.288800e-03 3.030333e-03 9.319133e-03 5.031660e-02 3.810200e-03 5.648897e-03 9.459097e-03 1.927600e-02 3.688000e-03 4.697150e-03 8.385150e-03
1.520000e+00 5.682744e-01 4.012460e-02 3.907463e-03 4.403206e-02 2.115152e-01 1.580420e-02 2.490915e-03 1.829511e-02 7.121120e-02 7.518400e-03 4.031307e-03 1.154971e-02 3.767990e-02 4.958900e-03 3.449829e-03 8.408729e-03 1.899500e-02 5.254600e-03 6.108573e-03 1.136317e-02
1.240000e+00 7.346491e-01 3.661290e-02 2.093914e-03 3.870681e-02 2.490443e-01 1.334350e-02 4.450884e-03 1.779438e-02 8.902840e-02 8.408600e-03 2.098403e-03 1.050700e-02 4.271630e-02 4.389500e-03 6.142065e-03 1.053157e-02 1.599950e-02 4.255900e-03 3.010860e-03 7.266760e-03
6.900000e-01 1.308292e+00 1.958660e-02 1.155248e-02 3.113908e-02 3.718660e-01 1.088260e-02 4.873729e-03 1.575633e-02 1.252693e-01 6.368100e-03 5.453439e-03 1.182154e-02 5.227920e-02 5.563600e-03 4.520054e-03 1.008365e-02 1.363730e-02 6.345100e-03 5.351805e-03 1.169691e-02
1.380000e+00 6.922986e-01 2.269880e-02 1.649881e-03 2.434868e-02 2.435937e-01 1.158450e-02 2.852855e-03 1.443735e-02 8.209050e-02 4.786900e-03 1.623856e-03 6.410756e-03 4.241810e-02 2.637700e-03 3.839720e-03 6.477420e-03 1.190520e-02 2.495600e-03 2.218520e-03 4.714120e-03
2.770000e+00 3.500663e-01 1.810210e-02 1.201663e-03 1.930376e-02 1.600627e-01 1.095370e-02 2.708073e-03 1.366177e-02 4.491030e-02 3.763500e-03 1.200198e-03 4.963698e-03 2.906190e-02 3.168300e-03 3.676311e-03 6.844611e-03 3.082300e-03 2.955900e-03 1.710950e-03 4.666850e-03
