1.700000e-01 8.511698e-01 3.094620e-02 3.288182e-03 3.423438e-02 2.466747e-01 1.139350e-02 3.893530e-03 1.528703e-02 8.582140e-02 4.350000e-03 3.354618e-03 7.704618e-03 4.202950e-02 2.747500e-03 5.303173e-03 8.050673e-03 1.866680e-02 2.693600e-03 4.924866e-03 7.618466e-03
6.500000e-01 6.070662e-01 2.427520e-02 1.101627e-03 2.537683e-02 1.934379e-01 8.886500e-03 3.681829e-03 1.256833e-02 6.828520e-02 4.546200e-03 1.112260e-03 5.658460e-03 3.606950e-02 2.318300e-03 4.884565e-03 7.202865e-03 1.429090e-02 2.177700e-03 1.603773e-03 3.781473e-03
1.380000e+00 3.958998e-01 3.002180e-02 2.751433e-03 3.277323e-02 1.372317e-01 1.212110e-02 1.557797e-03 1.367890e-02 5.337930e-02 6.047300e-03 2.833547e-03 8.880847e-03 2.301420e-02 2.996000e-03 2.122507e-03 5.118507e-03 1.168850e-02 3.623700e-03 4.195892e-03 7.819592e-03
2.290000e+00 2.657264e-01 6.612300e-02 5.269151e-03 7.139215e-02 1.147789e-01 2.804490e-02 3.012665e-03 3.105757e-02 4.849040e-02 1.362040e-02 5.375624e-03 1.899602e-02 2.633790e-02 7.780900e-03 4.038250e-03 1.181915e-02 1.569450e-02 8.395300e-03 7.761802e-03 1.615710e-02
3.400000e-01 7.021777e-01 4.303890e-02 2.122208e-03 4.516111e-02 2.052056e-01 9.572600e-03 3.307530e-03 1.288013e-02 7.835320e-02 4.890200e-03 2.091309e-03 6.981509e-03 3.762230e-02 2.913700e-03 4.463718e-03 7.377418e-03 2.025720e-02 3.432000e-03 2.870952e-03 6.302952e-03
8.100000e-01 4.873734e-01 3.070640e-02 1.208626e-03 3.191503e-02 1.679056e-01 8.864400e-03 1.848989e-03 1.071339e-02 6.777420e-02 4.249600e-03 1.228578e-03 5.478178e-03 2.999840e-02 2.908000e-03 2.531640e-03 5.439640e-03 1.723810e-02 2.521700e-03 1.783658e-03 4.305358e-03
1.520000e+00 3.203898e-01 3.707100e-02 2.581729e-03 3.965273e-02 1.309333e-01 1.421550e-02 8.190508e-04 1.503455e-02 4.668650e-02 6.983100e-03 2.615045e-03 9.598145e-03 1.853520e-02 4.087400e-03 1.107862e-03 5.195262e-03 1.162830e-02 3.914500e-03 3.786044e-03 7.700544e-03
1.240000e+00 3.587462e-01 3.739420e-02 1.909964e-03 3.930416e-02 1.450611e-01 1.190770e-02 1.330673e-03 1.323837e-02 6.392770e-02 6.037700e-03 1.967411e-03 8.005111e-03 2.568360e-02 3.850600e-03 1.690943e-03 5.541543e-03 1.690710e-02 2.980700e-03 2.912470e-03 5.893170e-03
6.900000e-01 5.731263e-01 1.416610e-02 4.397727e-03 1.856383e-02 1.869628e-01 7.118600e-03 2.607690e-03 9.726290e-03 7.014570e-02 5.444100e-03 2.176137e-03 7.620237e-03 2.886100e-02 4.667400e-03 2.885042e-03 7.552442e-03 9.262400e-03 5.451200e-03 3.245762e-03 8.696962e-03
1.380000e+00 3.755473e-01 2.086690e-02 9.433844e-04 2.181028e-02 1.290263e-01 8.613900e-03 1.805713e-03 1.041961e-02 4.952510e-02 4.130700e-03 9.515365e-04 5.082236e-03 2.598710e-02 2.117700e-03 2.442442e-03 4.560142e-03 9.635300e-03 2.227500e-03 1.371476e-03 3.598976e-03
2.770000e+00 2.136614e-01 1.329780e-02 1.089933e-03 1.438773e-02 1.009807e-01 6.713700e-03 1.407537e-03 8.121237e-03 3.454560e-02 4.098600e-03 1.110491e-03 5.209091e-03 1.794050e-02 2.652100e-03 1.979364e-03 4.631464e-03 6.726000e-03 2.540200e-03 1.636126e-03 4.176326e-03
